5
200
33 179
101 179
88 179
27 179
143 179
40 179
179 194
89 179
157 179
117 179
74 179
136 179
179 192
166 179
81 179
179 186
35 179
156 179
111 179
154 179
133 179
135 179
179 195
85 179
21 179
48 179
179 183
17 179
91 179
42 179
90 179
140 179
65 179
45 179
13 179
112 179
72 179
103 173
142 179
69 179
147 179
179 191
12 179
171 179
119 179
6 179
18 179
150 179
86 179
58 179
173 179
179 200
155 179
158 179
121 179
93 179
29 179
102 179
144 179
109 179
11 179
57 179
149 179
179 185
168 179
145 179
63 179
50 179
83 179
129 179
148 179
174 179
179 188
52 179
62 179
79 179
64 179
179 184
179 193
179 182
76 179
131 179
106 179
110 179
98 179
22 179
75 179
95 179
59 179
175 179
7 179
34 179
66 179
28 179
55 179
167 179
68 179
56 179
16 179
46 179
161 179
113 179
123 179
23 179
67 179
179 196
124 179
172 179
20 179
47 179
100 179
146 179
130 179
116 179
49 179
8 179
26 179
179 187
19 179
107 179
179 199
31 179
71 179
61 179
2 179
179 190
54 179
179 181
105 179
25 179
24 179
14 179
152 179
139 179
78 179
159 179
163 179
9 179
151 179
10 179
118 179
120 179
30 179
114 179
36 179
122 179
51 179
99 179
5 179
87 179
138 179
82 179
53 179
96 179
134 179
153 179
94 179
141 179
80 179
97 179
162 179
43 179
41 179
169 179
70 179
132 179
179 189
128 179
60 179
38 179
160 179
177 179
115 179
126 179
44 179
170 179
77 179
39 179
125 179
165 179
176 179
127 179
3 179
4 179
84 179
179 198
73 179
137 179
1 179
108 179
104 179
103 179
32 179
164 179
37 179
179 197
15 179
92 179
200
87 198
87 100
87 124
1 87
74 87
87 148
87 185
87 191
10 87
87 111
34 87
87 142
17 87
63 87
54 61
87 92
87 118
87 133
87 140
87 95
59 87
87 170
57 87
87 146
87 144
53 87
70 87
87 195
87 130
87 112
81 87
55 87
87 127
83 87
22 87
64 87
67 87
87 153
87 120
87 172
78 87
87 166
87 179
87 102
87 134
38 87
87 147
13 87
35 87
87 173
87 141
87 110
6 87
30 87
7 87
87 196
87 105
87 182
46 87
87 180
66 87
87 138
39 87
87 181
76 87
87 108
87 188
87 160
54 87
4 87
9 87
65 87
87 199
71 87
47 87
87 149
87 159
37 87
87 131
87 121
43 87
87 119
87 123
60 87
87 155
87 90
44 87
14 87
87 114
87 200
5 87
68 87
36 87
87 175
87 137
87 156
87 91
87 150
87 125
32 87
87 178
51 87
87 183
11 87
87 167
87 193
87 163
87 192
87 128
87 103
87 113
87 157
87 143
24 87
19 87
52 87
15 87
72 87
87 145
87 139
28 87
61 87
87 186
87 165
87 151
87 135
87 177
87 174
87 89
87 106
87 116
87 115
87 161
3 87
87 194
42 87
87 154
87 164
87 152
18 87
87 171
26 87
56 87
87 169
75 87
84 87
29 87
87 107
87 162
87 168
12 87
87 187
87 101
73 87
31 87
87 132
40 87
62 87
58 87
87 117
87 197
87 109
48 87
77 87
2 87
23 87
82 87
87 189
87 104
87 97
85 87
41 87
27 87
50 87
16 87
87 93
33 87
79 87
87 184
87 99
87 158
87 96
87 129
87 122
45 87
69 87
87 98
87 94
20 87
80 87
49 87
21 87
87 176
87 136
8 87
25 87
87 190
87 126
200
97 111
82 97
97 183
52 97
83 97
97 182
9 97
97 154
93 97
97 121
97 167
97 107
97 155
97 157
5 97
50 97
36 97
97 189
17 97
97 110
3 97
97 146
97 197
97 169
87 97
97 141
97 143
97 119
97 176
59 97
72 97
31 97
46 97
19 97
97 106
37 97
97 101
92 97
63 97
61 97
97 125
97 99
7 97
97 165
77 97
2 97
75 97
42 97
16 97
47 97
97 195
81 97
70 97
97 162
97 170
60 97
85 97
97 166
97 100
97 148
97 109
97 177
43 97
32 97
97 118
97 187
67 97
20 97
97 161
97 116
97 114
97 199
97 180
35 97
95 97
97 194
64 97
97 149
13 97
6 97
80 97
94 97
53 97
97 145
97 132
86 97
97 120
44 97
97 179
76 97
30 97
97 178
97 198
97 174
89 97
34 97
40 97
17 66
97 139
97 188
29 97
97 159
65 97
97 108
97 104
97 200
97 163
90 97
11 97
97 164
68 97
97 122
27 97
97 127
58 97
97 185
14 97
97 190
57 97
97 173
97 128
97 112
45 97
97 135
24 97
26 97
97 129
41 97
97 105
10 97
97 126
22 97
97 156
97 102
28 97
15 97
97 152
97 184
97 137
69 97
51 97
97 103
1 97
55 97
97 123
4 97
97 147
97 158
97 113
97 130
97 192
97 171
97 168
97 181
8 97
97 124
97 153
97 151
23 97
73 97
97 150
21 97
48 97
97 133
97 175
91 97
97 160
97 115
25 97
71 97
97 196
97 191
39 97
97 117
79 97
33 97
84 97
54 97
74 97
97 138
49 97
97 136
97 172
18 97
97 144
97 193
88 97
78 97
62 97
38 97
66 97
56 97
97 134
12 97
97 131
97 186
97 142
97 140
200
4 67
67 93
67 183
67 124
67 125
67 119
67 79
67 114
67 176
67 95
19 67
67 146
67 77
28 67
67 132
67 69
67 197
67 185
67 72
67 141
67 143
17 67
67 165
11 67
67 85
67 89
58 67
60 67
38 67
16 67
67 103
67 108
67 88
67 109
67 195
67 191
40 67
43 67
67 178
67 186
32 67
67 171
67 168
67 162
67 71
67 167
67 154
67 91
15 67
67 144
67 180
67 75
67 81
67 175
67 115
67 151
67 140
67 130
59 67
47 67
67 105
67 184
48 67
67 164
67 179
67 94
10 67
67 177
35 67
67 161
67 123
67 92
39 67
67 193
67 113
67 112
22 67
67 111
26 65
67 126
5 67
67 118
67 152
67 182
49 67
27 67
61 67
67 110
51 67
36 67
67 136
3 67
67 73
50 67
42 67
67 70
54 67
67 189
67 104
67 82
67 187
67 150
6 67
67 98
67 156
67 158
8 67
63 67
53 67
67 96
67 90
2 67
67 147
67 139
67 121
34 67
67 169
67 106
1 67
67 102
23 67
67 86
41 67
67 137
9 67
29 67
67 166
67 97
12 67
67 84
44 67
31 67
67 172
67 129
37 67
14 67
67 163
67 107
67 190
67 122
67 83
67 127
67 138
67 199
67 155
67 173
67 196
67 133
67 142
67 131
67 200
25 67
7 67
67 148
67 80
67 74
67 192
56 67
55 67
62 67
67 160
67 145
67 134
65 67
67 188
67 159
67 99
67 153
67 128
67 198
26 67
67 174
67 117
67 170
13 67
67 194
52 67
67 120
67 149
64 67
33 67
67 100
67 181
45 67
18 67
57 67
67 101
30 67
67 87
67 157
24 67
20 67
67 135
67 78
46 67
21 67
67 116
67 76
200
32 98
32 111
32 171
17 32
27 32
32 54
26 32
32 199
32 60
32 188
32 39
24 32
32 147
32 103
32 135
32 191
32 121
32 176
32 80
32 158
32 145
10 32
29 32
32 169
32 99
32 197
32 108
32 92
32 47
32 142
5 32
32 48
32 104
32 181
21 32
32 114
32 34
32 81
32 66
32 200
32 58
32 86
32 76
32 148
32 74
32 186
32 112
32 161
32 87
32 89
32 59
32 37
32 75
32 49
32 110
32 190
15 32
3 32
32 100
32 128
32 96
8 32
1 32
32 67
32 118
14 32
32 182
32 90
32 165
6 32
32 138
23 32
32 83
32 61
32 127
32 95
4 32
32 64
32 91
32 36
32 73
32 193
32 149
32 159
32 196
32 68
32 126
32 130
32 117
32 178
32 195
32 175
19 32
32 144
32 136
32 125
32 156
32 52
32 50
32 137
32 107
32 184
32 163
32 51
21 160
32 65
32 122
32 42
32 46
32 41
32 157
32 101
32 44
32 93
32 119
32 109
20 32
32 187
32 106
32 146
32 134
32 88
32 55
32 185
32 166
32 189
32 120
32 72
32 139
18 32
32 85
32 38
32 94
32 132
32 162
32 102
32 105
32 198
32 168
11 32
32 133
32 140
32 84
7 32
2 32
32 172
32 123
12 32
13 32
32 77
32 152
32 194
32 79
32 43
32 115
22 32
32 124
32 82
32 53
32 129
25 32
32 56
32 70
32 177
32 45
32 97
32 180
9 32
28 32
32 170
32 192
32 78
32 164
32 183
32 40
32 57
32 150
32 155
32 154
32 62
32 141
32 69
32 153
30 32
16 32
32 173
32 71
32 174
32 63
32 151
32 35
32 160
32 131
32 179
32 116
32 167
32 113
32 143