14
Polish
5 5 4 5 3 4 3 5 5 5 4 4 4 5 5 5
1 2 2 1 2 2 2 1 3 1 2 2 2 3 2 2
5 4 5 5 5 4 5 5 5 5 5 6 5 5 5 5 5
2 2 1 3 2 2 2 1 2 3 2 3 2 2 2 1 3
English
3 4.33 5 5 5 6 6 6
1 2 1 3 1 3 1 1
5 5 4.33 5.33 5.33 5 5
1 1 1 1 1 1 1
Religion
6
1
6
1
Math
5 5 6 5 5.33 5 4 6
2 1 1 2 3 1 1 1
5 3 5 4.33 5
1 1 1 1 1
PE
5 4 5 4 2 4 5 5 5 5 5
3 2 2 2 2 2 1 1 1 1 1
5 1 5 1 5 5 5 2
1 1 1 1 1 1 1 1
Deutsch
3.33 1 4 4 5 6 3 5
2 1 1 1 1 1 1 1
3 3 5 5
1 1 1 1
Physics
5 3.66 1 6 5 6
1 2 1 1 1 1
5.33 4 5
1 1 1
Chemistry
1.33 4 4 5 4.33 6 5
2 1 1 1 1 1 1
4 4.66 5 2 3 3 5 5
1 1 1 1 1 1 1 1
Biology
4 4 4.66 4.33 6
2 1 1 1 1
5 3.66 4 5
1 1 1 1
Geography
4.33 4 5 4.66
2 2 1 1
4.66 5
1 1
IT
6
1
6
1
History
4.66 4.66 3.33 5 4.66 5
1 1 3 1 1 1
4.66 3.66 4 3.33 4.33
1 1 1 1 1
Safety Edu.
5 5 5 5 4
1 2 1 1 1
5 4 5 6
1 1 2 1
Social Stu.
3.33 4.66 5.33 4.66 6 6 4.66
1 3 1 1 1 1 1
6 4.66 4 4.66 3.66
1 1 1 1 1